Tập dữ liệu: [3.0574538827196522 5.877434659203861 7.751402896421651 19.276406536011468 1.5330968736661004 3.8391726744409334 15.592020046354925 4.0627160837182705 17.268706477640656 9.852366714521846 14.009001808156611 18.2299583522015 2.9743920453400343 8.625050730287331 12.918599122790575 18.413592595389186 3.4103228587274055 12.098207397833264 1.3818226350845246 12.509868242960597 17.585416715112633 11.760517771598112 3.7267652264176703 18.482949245866944 10.056222350082779 11.985144121310709 10.388174102959978 12.632775094948249 12.093058543061563 7.601651017525471 8.387087632559144 7.6417484224883365 17.40917779678673 13.93081480175045 4.411447145384651 1.2173494045408213 18.046187164502587 16.24347352300947 12.965426062245275 8.865566589489251]
Max: 19.276406536011468
Min: 1.2173494045408213
Mean: 10.45281363412778
Variance: 30.341827797460763

Tập dữ liệu: [4.424996394320534 9.317503693449543 12.5647236392623 10.016195021948208 4.826388411083081 15.402988593379213 12.174495440729912 7.767686041155256 16.35358497592639 13.09825803401584 7.51146137548543 5.344657493005029 2.3816953093178994 3.294094153875627 10.414427404461469 11.328383960263404 16.542811378977255 9.318173992574538 3.1336690763167834 15.094148154053094 16.492543833790542 5.555120652819117 4.082196856354333 13.745016666570002 1.7358533451858777 9.107266128481175 12.077825403231833 15.04260737119066 4.4394039071397655 8.525630228972377 6.721528082794132 18.53184423941398 12.211359182587655 16.78028516768924 9.720636857022265 2.6807098635120252 17.852011311716716 16.49764813117211 13.597285178830006 7.6987803405353015 16.069838609288684 4.069422749169238 6.323087943367125 7.759863652404591 3.117555507930127]
Max: 18.53184423941398
Min: 1.7358533451858777
Mean: 9.794348083439328
Variance: 24.26687536301146
